1001 15.306446
1002 9.931642
1003 12.374177
1004 14.035346
1005 15.238494
1006 14.287280
1007 6.145916
1008 13.289984
1009 14.820309
1010 9.183644
1011 14.021313
1012 -0.379812
1013 11.573519
1014 9.919550
1015 10.749266
1016 12.515244
1017 3.349360
1018 16.870019
1019 7.334812
1020 18.432195
1021 8.892988
1022 5.446046
1023 13.965230
1024 14.610362
1025 12.629255
1026 13.736380
1027 10.768166
1028 11.006468
1029 11.255961
1030 8.713156
1031 14.479514
1032 8.682612
1033 12.490186
1034 14.598831
1035 11.331732
1036 16.302003
1037 5.892495
1038 11.519779
1039 11.146217
1040 15.926828
1041 10.328613
1042 12.394658
1043 13.215413
1044 11.330503
